! This is a TEST FIT.
! new fit to optics runs 1540, 1544, 5160, 5161, 5162, 5163 (xptar, ytar, yptar)
! the delta opt column is inherited from th 6.59 GeV optimized matrix
! (hms_newfit_6_59.dat)
! i.e., no delta opt!
! the zeroth order elements:
!  0.000711802209 -5.62031904e-05  0.000584959117               0 00000
! --------------------------------------------
! test fit May 2026:
!
!   0.000680560163 -0.000161495522   0.00060540742               0 00000
 --------------------------------------------

      0.335486607     0.016244911  -0.00539949362     0.245277181 10000
      -3.03893783    -0.131426319     0.040235294     0.179237254 01000
    -0.0134566968    -0.459601627     0.281383053    0.0157622219 00100
      0.185129859    0.0379590558     -2.34688356   -0.0277481136 00010
     -0.332018278   -0.0227654686    0.0132170361    -0.317631939 20000
       2.40714483   -0.0214994722   0.00486663803      3.22944879 11000
       5.08133756      1.62195429    -0.433302966     0.996249838 02000
     -0.320142942      1.57815979    -0.460731097    -0.069868989 10100
        2.3949258     0.357040945     0.158753731    -0.272737203 01100
     0.0711740892      0.06150569    -0.119082838   -0.0177958644 00200
       0.74264738     -20.7474245      5.54673914    -0.179642064 10010
      -5.82623102     -15.8806979      3.10577794      5.14340828 01010
     -0.761811481   -0.0485030571      1.28174587     0.456284698 00110
       1.00614437    -0.461033951     -2.17928675     -6.40792036 00020
       1.17109194     0.159929544  -0.00951101661     0.936834319 30000
      -18.9910985   -0.0909715815     -0.58481183     -13.5405899 21000
       90.8970092     -10.1841471      5.71208764      51.8797642 12000
      -147.462045      43.1516196     -16.1739642      -20.498985 03000
       3.25454422     -5.47443822      1.09715147   -0.0312542194 20100
       -31.556551      56.9221819     -12.0801674     0.284008412 11100
       67.8984471     -128.202362      24.7762576      3.95564331 02100
     -0.677726725    -0.578558017     0.939184306     0.954315611 10200
       2.83919267     -10.8357944      2.51655956     -7.06883817 01200
       2.32121138     -2.77104957      1.57813676    -0.358205667 00300
      -26.5332235      70.2991841     -16.0511013     -2.74488175 20010
       242.034935     -737.073312      171.047296      10.6819836 11010
       -445.28553      1733.03539     -368.925348      -46.776265 02010
        3.0307035     -31.0576583     -3.11707019     0.434687181 10110
       35.0116684      351.268233     -67.7073779      25.6924121 01110
      -26.8613137      99.9166275     -42.3594538      -3.1559352 00210
        27.976407      54.5814787      20.8678956      31.9077575 10020
      -552.318459      -329.01407     -48.7084119     -467.898102 01020
       142.376762     -1180.29127      363.357198       34.179037 00120
       -425.23385      5413.09865     -1276.32303     -71.5085362 00030
      -5.61322083   -0.0353242071    -0.407256268     -2.30278775 40000
       119.580979     -6.78604703      10.7226842      58.0248309 31000
      -880.455081      140.960831       -111.3264     -491.562374 22000
       2521.37405     -869.343773       441.27009      1718.29721 13000
      -1272.51293      1396.40897      -592.82147     -1950.10403 04000
       -9.7528387      4.98548029     0.588655671     -1.46212838 30100
       143.689429     -67.9094346     -5.91375455      47.2957535 21100
      -559.657788       44.400703      67.1897797     -432.372956 12100
       415.889087      876.872316     -289.837643      1323.39948 03100
      -1.27778141      11.1498236     -5.77341993     -1.00472512 20200
       39.1177972     -48.8798604      42.1013601      16.7434624 11200
      -261.646245      64.7416725     -107.007514     -67.2731587 02200
      -16.7477633     -3.62805458      3.93816737      4.98155457 10300
       35.8376404      30.9773277     -16.0102422     -37.4367181 01300
     -0.616195599      10.6013103     -6.88936787      3.83526317 00400
       109.946401     -139.769828      21.6291479      20.4063547 30010
        -1418.895      1996.06803     -343.401632     -521.870646 21010
       4052.66465     -6160.92917      1179.58744      4021.85608 12010
       1512.91621     -2724.08103      541.719501     -11081.6594 03010
       19.4885322     -4.64567886       27.838657     -26.1090659 20110
      -339.387989     -1347.94907      98.6954436      343.660595 11110
       1257.83215      1818.08791      320.024844     -974.052221 02110
       169.654787      -153.63258      13.8652398      -36.510193 10210
       210.571485      802.639788     -208.875866       292.43684 01210
       28.1809598      -98.275145      182.342817     -84.9391998 00310
       18.6675487     -770.704632      29.2259597      406.369321 20020
       615.415489      9914.15491     -2377.82023     -4586.96491 11020
        466.16933      2449.98521     -471.104495      9358.46286 02020
      -614.744511       1256.7337      -83.927297      60.2646297 10120
      -504.334468     -2108.86641      603.322338     -697.205971 01120
      -293.628956      282.225056      -939.70195      726.975013 00220
      -245.665383     -1838.72343      887.398077      536.066295 10030
      -111.091902     -730.965586      244.147071     -2336.48364 01030
      -401.749382     -704.580533      -122.53372     -1667.46714 00130
      -114.157952      -217.13305     -15.7851619      3912.11649 00040
       14.7032892     -3.84745023      1.13733654      4.96781903 50000
      -325.742179      64.4074567     -17.2971841     -214.635508 41000
       2366.08638     -407.071604      80.9944502      3438.51266 32000
      -5178.11401      603.230564     -17.4137525     -27888.4078 23000
      -2754.38801      458.996366     -108.269921      118850.529 14000
      -865.677405       172.48712     -56.7856912       -209797.8 05000
       3.67509731      16.7098172     -5.29587861      3.07907961 40100
      -129.536427     -98.4024093      48.6616502     -71.7570318 31100
       861.994707     -111.216137     -47.3024427      175.230779 22100
      -1136.01557       780.72041     -180.755971      3660.70792 13100
      -568.388193       355.09931     -85.4176172     -18679.7717 04100
       25.6689735     -38.6085555      7.73727023     -9.82929708 30200
      -393.495005      106.823144     -9.72160939      223.223395 21200
       1803.74383      875.012767     -331.457478     -1934.55934 12200
       99.0935876       319.92125     -107.826645      6295.96049 03200
       4.78142352      10.3619458      3.52195294      7.53241271 20300
      -111.242451       172.07317      -241.63536     -173.118732 11300
       326.538991     -1682.20579      1086.79178      1077.44822 02300
       20.6715081      64.6143237     -11.6988233     -1.11240314 10400
      -107.807483     -173.991941      93.2010913     -107.686882 01400
       13.6748191      93.4908592     -64.3172716     -1.36754912 00500
       10.5834688     -97.7045801      30.2623549     -48.5819865 40010
       84.7984252      369.153832     -199.895514      1952.97191 31010
      -16.3865387        190.8673      9.56390659     -20776.5089 22010
      -114.065859       70.126744      8.28325905      79440.7749 13010
      -39.8576629      8.00314531      4.56736439     -71841.5676 04010
      -22.3570799      817.522098     -198.798191      63.7792928 30110
      -296.294007      -4119.3939      854.962709      -1765.8266 21110
       85.0201126     -751.560423      210.873977      11961.6529 12110
      -2.37043822     -102.052347      40.3904223     -36062.5709 03110
      -238.594942     -902.756042      409.221085     -8.69875712 20210
       888.832866      3946.63858      -911.33119      1607.73072 11210
       238.209733      753.625366     -136.955474     -11675.9844 02210
      -343.598275       147.37482     -220.104721      165.982247 10310
       540.908487       1069.9404     -138.476584      946.869731 01310
       68.4419979     -572.444512      596.486181      164.395576 00410
       479.942573     -3010.98284      527.555163     -2407.64911 30020
       93.1720552     -16.9355771      4.98654267      55520.9916 21020
       1.99682439      9.47122508    -0.872526863     -418149.697 12020
      -4.63601975      5.44516989     -1.01121241      1118597.09 03020
       241.540678      3810.60154     -1313.81059       332.50163 20120
       174.543272       1069.8545     -308.758087     -14254.2451 11120
       26.4898522      179.157479     -47.7541378      52657.7588 02120
       356.272788      464.347691     -25.1093694     -3998.95843 10220
       133.367093      150.523431     -7.42856317      25102.1443 01220
      -30.5863431     -812.877442      371.217298      90.2668576 00320
       81.1897833      734.366617     -263.101704        -930.899 20030
       31.6986344      175.917535     -56.2658357      39788.7678 11030
       2.98815692      29.8675152      -9.1256357     -118752.747 02030
       87.4661198      53.6192271      18.9415108      29493.1698 10130
       23.8844411       8.8806634       3.9285495     -259877.198 01130
      -6.88619938     -157.552288      76.5497007      1100.41524 00230
       19.4947522      20.9799268      1.62234359     -13196.6766 10040
       3.97078908      1.30954095     0.740967616      303094.278 01040
      0.825600428     -16.6268293      10.5979171     -17333.4694 00140
      0.514742655    -0.102298767      1.05234065      30963.1531 00050
      -12.5701242      8.30878779     -1.10517297               0 60000
       233.418235     -117.177147      10.8367858               0 51000
      -978.353217       280.07837      7.83734755               0 42000
      -816.337261      500.849153      22.2662591               0 33000
      -324.028587      242.697905     -12.6755155               0 24000
      -98.5204115      76.5588119     -9.44705761               0 15000
      -27.9152259        20.71745     -4.02818046               0 06000
       13.3416585     -41.8854148      5.08485989               0 50100
      -127.427752      418.384925     -22.2082158               0 41100
      -124.738163     -973.393538      101.312636               0 32100
      -139.498811     -138.109308      19.8977364               0 23100
      -53.6356088      14.3224698     -1.91124593               0 14100
      -15.3506882      12.4674175      -2.4579856               0 05100
      -44.8636725      27.2562975    -0.452468505               0 40200
       477.372881      211.074674     -69.6530442               0 31200
       -1372.0695     -202.347404     -181.170286               0 22200
       -480.83824     -29.2325488     -62.5222777               0 13200
      -112.151321       7.0401738     -17.3670145               0 04200
       64.0674813      51.4611858     -42.3264141               0 30300
      -117.503704     -138.626784       116.05083               0 21300
       -620.55953      98.6168468      40.7205099               0 12300
      -198.903629      67.8810071      5.94726939               0 03300
       13.9727832     -206.671854      45.7728257               0 20400
       60.3891555     -676.660696      400.911093               0 11400
       -423.25306     -146.648865      83.2970631               0 02400
      -2.91180872     -375.097041      222.850911               0 10500
       234.329877      323.030816     -341.800563               0 01500
      -115.392631     -34.3833508     -26.5138682               0 00600
      -259.031216      375.138448     -54.4421321               0 50010
       2493.06399     -2552.58183      143.209041               0 41010
       653.541436     -643.577032      60.2193323               0 32010
        142.73109     -131.255278        18.05103               0 23010
       30.7861544     -27.3667054      4.95309855               0 14010
        6.5149072      -6.1666864      1.30970177               0 05010
       143.483002     -410.495278      98.4931634               0 40110
      -2.49775475     -1217.61446      92.8962899               0 31110
      -102.588562     -286.491496      24.8005115               0 22110
      -25.1590506     -52.7653161      5.03098135               0 13110
      -3.26905164     -7.92483458     0.923873392               0 04110
       -631.92674     -192.270096      220.624793               0 30210
      -124.869594     -533.076161      185.355874               0 21210
      -52.8899144      -94.833964       27.706435               0 12210
      -10.0177097     -10.9550562      2.40469539               0 03210
      -275.248465      3877.06138     -1305.58039               0 20310
      -36.7376252      375.021884     -120.106227               0 11310
      -35.5206072      51.7692455      -15.144811               0 02310
       346.389951      3680.84239     -1459.37232               0 10410
       70.7531152       430.61165     -213.703786               0 01410
       568.053625      1163.27684     -421.658814               0 00510
      -177.604123      -824.60695     -55.2335339               0 40020
       7.28817472      77.5796772     -59.6384391               0 31020
      -3.75080846      15.6633005     -11.0877713               0 22020
     -0.180104243      3.42258815     -2.11013587               0 13020
      0.292463415      1.03809516    -0.439390981               0 04020
      -161.933522     -15.8450712      30.3868902               0 30120
      -48.2120298     -195.652111      57.6353236               0 21120
      -10.5277853     -41.1895079      10.7871301               0 12120
      -1.47687396     -6.70665537      1.55286013               0 03120
      -21.2950627      541.054505     -167.947657               0 20220
      -14.5119763      42.4680685     -16.4456328               0 11220
      -4.82393584      5.05345249     -2.21701215               0 02220
       63.5712881      502.770444     -225.012328               0 10320
       2.27363388      24.4350118     -24.3045272               0 01320
       96.1885001      132.004736     -57.7540258               0 00420
      -34.6285122     -190.062991      74.7186719               0 30030
      -10.3874036     -58.7924611      18.4471961               0 21030
      -1.68627189     -10.7740481      3.07705938               0 12030
      -0.17879805     -1.78110943     0.470676581               0 03030
      -15.0190195      28.3711183     -11.5601309               0 20130
      -4.25486543     0.661012945     -1.21433769               0 11130
     -0.735744453     0.159963748    -0.171646569               0 02130
        5.9566084      48.2904567     -26.7098837               0 10230
     -0.719838471     -1.29407995     -2.19915903               0 01230
       10.3284208      9.35412693     -7.07668087               0 00330
      -3.99501261      -1.6850337     -0.44314682               0 20040
      -0.81897294     0.340281055    -0.247684418               0 11040
    -0.0882967143     0.147254395   -0.0485302173               0 02040
      0.228029451      4.07108156     -3.03679209               0 10140
     -0.247877357    -0.785168813    -0.125629788               0 01140
      0.794189419     0.180735093     -1.00102145               0 00240
    -0.0766238298  -0.00424962168    -0.225736082               0 10050
    -0.0538384839    -0.217401279    0.0199051266               0 01050
    -0.0277352845    -0.223043573    -0.137537574               0 00150
    -0.0300142933   -0.0801969205   -0.0180723462               0 00060
       1.12584242               0               0       0.7681777 00001
      -3.30929606               0               0     -1.24824954 10001
        9.5582156               0               0      7.18980365 01001
      -12.8075508               0               0     -1.79480024 00002
        31.328287               0               0      4.30979026 20001
      -366.358594               0               0     -47.5141035 11001
       1281.27264               0               0      127.404997 02001
       8.46492946               0               0      1.52132362 00201
      -212.181332               0               0     -44.8420242 00111
       86.2168045               0               0      13.9035869 10002
      -202.375577               0               0     -75.1770025 01002
       1292.40575               0               0      332.945301 00021
       152.465743      412.398418      -118.55168               0 00012
       56.8142343               0               0      15.5951865 00003
      -111.090641               0               0     -15.7177358 30001
        1301.2309               0               0      249.924995 21001
      -3377.64137               0               0     -1205.61003 12001
      -1080.57253               0               0      1650.70638 03001
      -206.758367               0               0     -8.63945412 10201
        1286.1228               0               0       51.734534 01201
        457.38899               0               0       246.32877 10111
       315.521007               0               0     -1468.88025 01111
      -2.86376084               0               0     -77.6962058 20002
      -284.532504               0               0      808.267218 11002
      -54.9686786               0               0     -1887.27393 02002
      -894.903229               0               0     -13.1721627 00202
      -58.1868148               0               0     -1758.72381 10021
       28.1001103               0               0      10443.6142 01021
       24.9869024               0               0      377.176889 00112
      -4.71048927               0               0     -174.332974 10003
     -0.949356614               0               0      893.518077 01003
       5.91096156               0               0     -2708.57078 00022
       0.10590745               0               0     -149.156349 00004
     0.0744204334               0               0               0 00101
     -0.932044457               0               0               0 00011
       2.84521581               0               0               0 10101
       -25.439373               0               0               0 01101
       13.7051555               0               0               0 10011
      -72.5425087               0               0               0 01011
       11.1885519               0               0               0 00102
       -29.857604               0               0               0 20101
       257.607594               0               0               0 11101
       222.800622               0               0               0 02101
      -5.74703998               0               0               0 00301
      -58.3774171               0               0               0 20011
      -75.7986407               0               0               0 11011
      -20.0306669               0               0               0 02011
        81.569985               0               0               0 00211
       39.9072357               0               0               0 10102
       26.1337898               0               0               0 01102
       11.1028012               0               0               0 00121
       15.8064184               0               0               0 10012
        2.5233279               0               0               0 01012
       1.49611639               0               0               0 00103
       2.94427172               0               0               0 00031
      0.196444306               0               0               0 00013
        169.57368               0               0               0 40001
      -1188.40309               0               0               0 31001
      -2564.00859               0               0               0 22001
      -796.126266               0               0               0 13001
      -170.135856               0               0               0 04001
       25.2737324               0               0               0 30101
      -302.117798               0               0               0 21101
       10.5088748               0               0               0 12101
       17.9545609               0               0               0 03101
       393.042869               0               0               0 20201
      -2654.79358               0               0               0 11201
      -675.207959               0               0               0 02201
       31.5374558               0               0               0 10301
      -66.2872749               0               0               0 01301
       11.0483668               0               0               0 00401
       53.9952733               0               0               0 30011
       19.8514223               0               0               0 21011
       6.99512779               0               0               0 12011
       2.03058969               0               0               0 03011
      -414.755722               0               0               0 20111
      -242.924295               0               0               0 11111
      -53.2831769               0               0               0 02111
       14.0854426               0               0               0 10211
      -7.18970025               0               0               0 01211
       46.6175282               0               0               0 00311
        327.02351               0               0               0 30002
      -46.7603764               0               0               0 21002
      -13.1130776               0               0               0 12002
      -2.14608775               0               0               0 03002
      -405.162634               0               0               0 20102
      -37.8327394               0               0               0 11102
      -3.28616433               0               0               0 02102
      -797.756623               0               0               0 10202
      -100.253463               0               0               0 01202
         -58.1494               0               0               0 00302
      -49.7218825               0               0               0 20021
          -23.494               0               0               0 11021
      -4.63065295               0               0               0 02021
      -7.01252658               0               0               0 10121
      -1.66128414               0               0               0 01121
       8.99761159               0               0               0 00221
      -26.9158564               0               0               0 20012
      -2.93740577               0               0               0 11012
     -0.281699956               0               0               0 02012
      -44.2613806               0               0               0 10112
      -5.18873926               0               0               0 01112
      -2.30913015               0               0               0 00212
       12.9742811               0               0               0 20003
       1.29863794               0               0               0 11003
      0.179319821               0               0               0 02003
      0.359636043               0               0               0 10103
    -0.0686000125               0               0               0 01103
      0.479897726               0               0               0 00203
      -1.51837641               0               0               0 10031
     -0.259505376               0               0               0 01031
       1.21378871               0               0               0 00131
      -3.83394487               0               0               0 10022
     -0.448803101               0               0               0 01022
     0.0432742246               0               0               0 00122
      0.043379578               0               0               0 10013
   0.000381017134               0               0               0 01013
     0.0717327023               0               0               0 00113
    0.00404935152               0               0               0 10004
  -0.000704014248               0               0               0 01004
    0.00417717692               0               0               0 00104
      0.265212468               0               0               0 00041
     0.0342938618               0               0               0 00032
      0.027421903               0               0               0 00023
    0.00382346774               0               0               0 00014
     0.0014659581               0               0               0 00005
      -221.978975               0               0               0 50001
       2081.48433               0               0               0 41001
      -430.560936               0               0               0 32001
      -218.050288               0               0               0 23001
      -55.5844501               0               0               0 14001
      -11.3642568               0               0               0 05001
       108.432463               0               0               0 40101
      -931.864934               0               0               0 31101
      -192.977158               0               0               0 22101
      -28.6473383               0               0               0 13101
      -3.41017534               0               0               0 04101
       61.3278498               0               0               0 30201
      -43.6289186               0               0               0 21201
      -47.1521819               0               0               0 12201
       -14.919883               0               0               0 03201
       58.8310901               0               0               0 20301
       -36.337865               0               0               0 11301
      -8.01512328               0               0               0 02301
      -104.944287               0               0               0 10401
       34.7713353               0               0               0 01401
      -122.288125               0               0               0 00501
      -77.5453423               0               0               0 40011
      -64.1314449               0               0               0 31011
      -13.9857505               0               0               0 22011
      -2.33654082               0               0               0 13011
     -0.340596491               0               0               0 04011
       29.3394194               0               0               0 30111
       48.1149331               0               0               0 21111
       9.50174924               0               0               0 12111
       1.38837541               0               0               0 03111
       52.4792515               0               0               0 20211
       3.80058742               0               0               0 11211
      0.234555136               0               0               0 02211
       39.5808085               0               0               0 10311
       15.2563542               0               0               0 01311
      -7.28080327               0               0               0 00411
      -597.497346               0               0               0 40002
      -102.721749               0               0               0 31002
      -15.3681107               0               0               0 22002
      -2.17208316               0               0               0 13002
     -0.274609264               0               0               0 04002
       106.837983               0               0               0 30102
       12.3766158               0               0               0 21102
        1.4653033               0               0               0 12102
      0.185393293               0               0               0 03102
       11.8887131               0               0               0 20202
      -2.55669988               0               0               0 11202
     -0.863809017               0               0               0 02202
       18.8047014               0               0               0 10302
        2.4966758               0               0               0 01302
      -3.93088497               0               0               0 00402
       12.7034651               0               0               0 30021
       7.96187516               0               0               0 21021
       1.60982507               0               0               0 12021
      0.257565675               0               0               0 03021
       5.93574507               0               0               0 20121
      0.679348453               0               0               0 11121
     0.0757550151               0               0               0 02121
       7.36294581               0               0               0 10221
       2.30080135               0               0               0 01221
     -0.118383007               0               0               0 00321
       14.4258145               0               0               0 30012
       1.52658163               0               0               0 21012
      0.163028817               0               0               0 12012
     0.0171689509               0               0               0 03012
       15.0743734               0               0               0 20112
       1.60706583               0               0               0 11112
      0.166465023               0               0               0 02112
       2.28803297               0               0               0 10212
      0.265413449               0               0               0 01212
        3.2668393               0               0               0 00312
      -1.44694805               0               0               0 30003
     -0.301551821               0               0               0 21003
    -0.0979405958               0               0               0 12003
    -0.0218874633               0               0               0 03003
      0.213731277               0               0               0 20103
   -0.00424871757               0               0               0 11103
   -0.00263981236               0               0               0 02103
     -0.390336182               0               0               0 10203
    -0.0220563449               0               0               0 01203
     -0.025206107               0               0               0 00303
      0.835395726               0               0               0 20031
      0.101082424               0               0               0 11031
     0.0113826515               0               0               0 02031
      0.967539242               0               0               0 10131
      0.283940573               0               0               0 01131
     0.0704094684               0               0               0 00231
       1.96621152               0               0               0 20022
      0.211929662               0               0               0 11022
      0.022229702               0               0               0 02022
      0.192176728               0               0               0 10122
     0.0208429359               0               0               0 01122
      0.409197722               0               0               0 00222
     0.0116208798               0               0               0 20013
  -0.000861751979               0               0               0 11013
  -0.000368034008               0               0               0 02013
    -0.0305595883               0               0               0 10113
   0.000792820773               0               0               0 01113
   -0.00103581312               0               0               0 00213
    -0.0317665296               0               0               0 20004
   -0.00868692894               0               0               0 11004
   -0.00130336633               0               0               0 02004
   -0.00485930059               0               0               0 10104
  -0.000181322677               0               0               0 01104
    -0.0225313015               0               0               0 00204
      0.102736083               0               0               0 10041
     0.0316791817               0               0               0 01041
     0.0177406989               0               0               0 00141
     0.0128130316               0               0               0 10032
    0.00134309873               0               0               0 01032
     0.0442654916               0               0               0 00132
   -0.00500745668               0               0               0 10023
  -3.62264901e-05               0               0               0 01023
  -0.000100846774               0               0               0 00123
  -0.000259911565               0               0               0 10014
  -8.65988929e-06               0               0               0 01014
   0.000126433262               0               0               0 00114
  -0.000376405317               0               0               0 10005
   -4.9526213e-05               0               0               0 01005
   5.05435025e-05               0               0               0 00105
    0.00318778677               0               0               0 00051
    0.00474276817               0               0               0 00042
   1.08549858e-05               0               0               0 00033
     9.083549e-05               0               0               0 00024
   3.11879063e-06               0               0               0 00015
   2.32698271e-06               0               0               0 00006
 ---------------------------------------------
